50.0, 720.0, 0.0, 230.0, 720.0, 0.0, 0, 2
50.0, 720.0, 0.0, 50.0, 900.0, 0.0, 0, 4
50.0, 900.0, 0.0, 230.0, 900.0, 0.0, 0, 3
230.0, 720.0, 0.0, 230.0, 900.0, 0.0, 0, 5
50.0, 720.0, 0.0, 50.0, 720.0, 300.0, 2, 4
230.0, 720.0, 0.0, 230.0, 720.0, 300.0, 2, 5
50.0, 900.0, 0.0, 50.0, 900.0, 300.0, 3, 4
230.0, 900.0, 0.0, 230.0, 900.0, 300.0, 3, 5
50.0, 720.0, 300.0, 230.0, 720.0, 300.0, 1, 2
50.0, 720.0, 300.0, 50.0, 900.0, 300.0, 1, 4
50.0, 900.0, 300.0, 230.0, 900.0, 300.0, 1, 3
230.0, 720.0, 300.0, 230.0, 900.0, 300.0, 1, 5