100.0, 500.0, 0.0, 280.0, 500.0, 0.0, 0, 2
100.0, 500.0, 0.0, 100.0, 680.0, 0.0, 0, 4
100.0, 680.0, 0.0, 280.0, 680.0, 0.0, 0, 3
280.0, 500.0, 0.0, 280.0, 680.0, 0.0, 0, 5
100.0, 500.0, 0.0, 100.0, 500.0, 300.0, 2, 4
280.0, 500.0, 0.0, 280.0, 500.0, 300.0, 2, 5
100.0, 680.0, 0.0, 100.0, 680.0, 300.0, 3, 4
280.0, 680.0, 0.0, 280.0, 680.0, 300.0, 3, 5
100.0, 500.0, 300.0, 280.0, 500.0, 300.0, 1, 2
100.0, 500.0, 300.0, 100.0, 680.0, 300.0, 1, 4
100.0, 680.0, 300.0, 280.0, 680.0, 300.0, 1, 3
280.0, 500.0, 300.0, 280.0, 680.0, 300.0, 1, 5